1 10
100 200
201 210
436809 436182
457 4492
997602 997822
12449 111001
650890 654190
900 1000
77257 98818
403140 405406
109567 21628
991201 990959
285142 285524
596345 596345
37241 2663 
596315 596310
311 371
255114 258206
1 1
837 857
4500 71
71 4500
689 1657
19900 11776
48025 74497
250 6137
83259 102813
59037 27583
538272 539418
30757 4512
5246 3099
999168 999999
37472 42497
100898 107367
3319 2264
919454 919499
47655 2124
7203 78673
344 4686
3 4
1752 6915
238796 229887
929349 929040
711 1382
702910 704489
87262 60056
394132 400991
763 131
258 2106
195 2228
207779 208060
111031 6850
4148 3506
92485 83258
83258 92485
743706 745566
712559 705003
159488 161438
3506 4148
376832 378042
8 8
4 3
404559 406735
978 5502
819334 820631
783125 786280
5502 978
4 9
355577 341869
10 1
192814 201362
413053 416337
47733 27393
200 100
210 201
4492 457
1000 900
9 751
95440 823
823 95440
13296 105207
367599 366999
465 536
93503 79909
56251 74737
693217 690758
801283 802617
761803 759579
460256 464074
63912 1688
2780 8080
33018 23574
9 4
13150 61092
37472 42497
100401 27554
929641 932466
131 763
20676 31845